Top 20 Sort By Count
Count    Total     Mean   Stddev     Min   P50.0   P90.0   P95.0   P99.0     Max    2xx  3xx  4xx  5xx  TotalBytes   MinBytes  MeanBytes   MaxBytes  Request
17158  686.577   0.0400   0.0372   0.001   0.031   0.069   0.096   0.194   0.730  17135    0   23    0   182095635          0      10612      20582  GET /api/playlist/{id}
 6811  577.714   0.0848   0.0632   0.008   0.070   0.151   0.193   0.340   0.656   6802    0    9    0    72390619          0      10628      20519  POST /api/playlist/{id}/favorite
 1262   66.346   0.0526   0.0491   0.013   0.040   0.089   0.119   0.220   0.717   1259    0    3    0    50180833          0      39762      40033  GET /api/recent_playlists HTTP/1.1
 1142   72.037   0.0631   0.0621   0.014   0.048   0.117   0.151   0.269   0.869   1141    0    1    0    45379863          0      39737      39800  GET /api/popular_playlists HTTP/1.1
 1002  495.693   0.4947   0.3600   0.005   0.410   1.037   1.158   1.372   2.003    985    0   17    0     4050705          0       4042      49832  GET /api/playlists HTTP/1.1
  553   35.088   0.0635   0.0599   0.007   0.045   0.132   0.167   0.348   0.471    524    0   29    0       21508          0         38         84  POST /api/login HTTP/1.1
  339   20.248   0.0597   0.0689   0.005   0.042   0.132   0.179   0.340   0.487    337    0    2    0       29319          0         86         87  POST /api/playlist/add HTTP/1.1
  333   33.661   0.1011   0.0760   0.011   0.085   0.185   0.221   0.330   0.791    316    0    0   17     3185031         75       9564      20511  POST /api/playlist/{id}/update
    2    0.012   0.0060   0.0000   0.006   0.006   0.006   0.006   0.006   0.006      2    0    0    0         381        190        190        191  POST /api/admin/user/ban HTTP/1.1
    2    0.285   0.1425   0.0005   0.142   0.143   0.143   0.143   0.143   0.143      2    0    0    0          76         38         38         38  POST /api/signup HTTP/1.1
    1    0.005   0.0050   0.0000   0.005   0.005   0.005   0.005   0.005   0.005      1    0    0    0          38         38         38         38  POST /api/logout HTTP/1.1
    1    0.001   0.0010   0.0000   0.001   0.001   0.001   0.001   0.001   0.001      1    0    0    0          11         11         11         11  GET /api/bench/start HTTP/1.1
    1    0.012   0.0120   0.0000   0.012   0.012   0.012   0.012   0.012   0.012      1    0    0    0          38         38         38         38  POST /api/playlist/{id}/delete
    1   19.455  19.4550   0.0000  19.455  19.455  19.455  19.455  19.455  19.455      1    0    0    0          38         38         38         38  POST /initialize HTTP/1.1
    1    0.000   0.0000   0.0000   0.000   0.000   0.000   0.000   0.000   0.000      1    0    0    0        1165       1165       1165       1165  GET / HTTP/1.1
    1    0.021   0.0210   0.0000   0.021   0.021   0.021   0.021   0.021   0.021      1    0    0    0          10         10         10         10  GET /api/bench/stop HTTP/1.1

Top 20 Sort By Total
Count    Total     Mean   Stddev     Min   P50.0   P90.0   P95.0   P99.0     Max    2xx  3xx  4xx  5xx  TotalBytes   MinBytes  MeanBytes   MaxBytes  Request
17158  686.577   0.0400   0.0372   0.001   0.031   0.069   0.096   0.194   0.730  17135    0   23    0   182095635          0      10612      20582  GET /api/playlist/{id}
 6811  577.714   0.0848   0.0632   0.008   0.070   0.151   0.193   0.340   0.656   6802    0    9    0    72390619          0      10628      20519  POST /api/playlist/{id}/favorite
 1002  495.693   0.4947   0.3600   0.005   0.410   1.037   1.158   1.372   2.003    985    0   17    0     4050705          0       4042      49832  GET /api/playlists HTTP/1.1
 1142   72.037   0.0631   0.0621   0.014   0.048   0.117   0.151   0.269   0.869   1141    0    1    0    45379863          0      39737      39800  GET /api/popular_playlists HTTP/1.1
 1262   66.346   0.0526   0.0491   0.013   0.040   0.089   0.119   0.220   0.717   1259    0    3    0    50180833          0      39762      40033  GET /api/recent_playlists HTTP/1.1
  553   35.088   0.0635   0.0599   0.007   0.045   0.132   0.167   0.348   0.471    524    0   29    0       21508          0         38         84  POST /api/login HTTP/1.1
  333   33.661   0.1011   0.0760   0.011   0.085   0.185   0.221   0.330   0.791    316    0    0   17     3185031         75       9564      20511  POST /api/playlist/{id}/update
  339   20.248   0.0597   0.0689   0.005   0.042   0.132   0.179   0.340   0.487    337    0    2    0       29319          0         86         87  POST /api/playlist/add HTTP/1.1
    1   19.455  19.4550   0.0000  19.455  19.455  19.455  19.455  19.455  19.455      1    0    0    0          38         38         38         38  POST /initialize HTTP/1.1
    2    0.285   0.1425   0.0005   0.142   0.143   0.143   0.143   0.143   0.143      2    0    0    0          76         38         38         38  POST /api/signup HTTP/1.1
    1    0.021   0.0210   0.0000   0.021   0.021   0.021   0.021   0.021   0.021      1    0    0    0          10         10         10         10  GET /api/bench/stop HTTP/1.1
    1    0.012   0.0120   0.0000   0.012   0.012   0.012   0.012   0.012   0.012      1    0    0    0          38         38         38         38  POST /api/playlist/{id}/delete
    2    0.012   0.0060   0.0000   0.006   0.006   0.006   0.006   0.006   0.006      2    0    0    0         381        190        190        191  POST /api/admin/user/ban HTTP/1.1
    1    0.005   0.0050   0.0000   0.005   0.005   0.005   0.005   0.005   0.005      1    0    0    0          38         38         38         38  POST /api/logout HTTP/1.1
    1    0.001   0.0010   0.0000   0.001   0.001   0.001   0.001   0.001   0.001      1    0    0    0          11         11         11         11  GET /api/bench/start HTTP/1.1
    1    0.000   0.0000   0.0000   0.000   0.000   0.000   0.000   0.000   0.000      1    0    0    0        1165       1165       1165       1165  GET / HTTP/1.1

Top 20 Sort By Mean
Count    Total     Mean   Stddev     Min   P50.0   P90.0   P95.0   P99.0     Max    2xx  3xx  4xx  5xx  TotalBytes   MinBytes  MeanBytes   MaxBytes  Request
    1   19.455  19.4550   0.0000  19.455  19.455  19.455  19.455  19.455  19.455      1    0    0    0          38         38         38         38  POST /initialize HTTP/1.1
 1002  495.693   0.4947   0.3600   0.005   0.410   1.037   1.158   1.372   2.003    985    0   17    0     4050705          0       4042      49832  GET /api/playlists HTTP/1.1
    2    0.285   0.1425   0.0005   0.142   0.143   0.143   0.143   0.143   0.143      2    0    0    0          76         38         38         38  POST /api/signup HTTP/1.1
  333   33.661   0.1011   0.0760   0.011   0.085   0.185   0.221   0.330   0.791    316    0    0   17     3185031         75       9564      20511  POST /api/playlist/{id}/update
 6811  577.714   0.0848   0.0632   0.008   0.070   0.151   0.193   0.340   0.656   6802    0    9    0    72390619          0      10628      20519  POST /api/playlist/{id}/favorite
  553   35.088   0.0635   0.0599   0.007   0.045   0.132   0.167   0.348   0.471    524    0   29    0       21508          0         38         84  POST /api/login HTTP/1.1
 1142   72.037   0.0631   0.0621   0.014   0.048   0.117   0.151   0.269   0.869   1141    0    1    0    45379863          0      39737      39800  GET /api/popular_playlists HTTP/1.1
  339   20.248   0.0597   0.0689   0.005   0.042   0.132   0.179   0.340   0.487    337    0    2    0       29319          0         86         87  POST /api/playlist/add HTTP/1.1
 1262   66.346   0.0526   0.0491   0.013   0.040   0.089   0.119   0.220   0.717   1259    0    3    0    50180833          0      39762      40033  GET /api/recent_playlists HTTP/1.1
17158  686.577   0.0400   0.0372   0.001   0.031   0.069   0.096   0.194   0.730  17135    0   23    0   182095635          0      10612      20582  GET /api/playlist/{id}
    1    0.021   0.0210   0.0000   0.021   0.021   0.021   0.021   0.021   0.021      1    0    0    0          10         10         10         10  GET /api/bench/stop HTTP/1.1
    1    0.012   0.0120   0.0000   0.012   0.012   0.012   0.012   0.012   0.012      1    0    0    0          38         38         38         38  POST /api/playlist/{id}/delete
    2    0.012   0.0060   0.0000   0.006   0.006   0.006   0.006   0.006   0.006      2    0    0    0         381        190        190        191  POST /api/admin/user/ban HTTP/1.1
    1    0.005   0.0050   0.0000   0.005   0.005   0.005   0.005   0.005   0.005      1    0    0    0          38         38         38         38  POST /api/logout HTTP/1.1
    1    0.001   0.0010   0.0000   0.001   0.001   0.001   0.001   0.001   0.001      1    0    0    0          11         11         11         11  GET /api/bench/start HTTP/1.1
    1    0.000   0.0000   0.0000   0.000   0.000   0.000   0.000   0.000   0.000      1    0    0    0        1165       1165       1165       1165  GET / HTTP/1.1

Top 20 Sort By Standard Deviation
Count    Total     Mean   Stddev     Min   P50.0   P90.0   P95.0   P99.0     Max    2xx  3xx  4xx  5xx  TotalBytes   MinBytes  MeanBytes   MaxBytes  Request
 1002  495.693   0.4947   0.3600   0.005   0.410   1.037   1.158   1.372   2.003    985    0   17    0     4050705          0       4042      49832  GET /api/playlists HTTP/1.1
  333   33.661   0.1011   0.0760   0.011   0.085   0.185   0.221   0.330   0.791    316    0    0   17     3185031         75       9564      20511  POST /api/playlist/{id}/update
  339   20.248   0.0597   0.0689   0.005   0.042   0.132   0.179   0.340   0.487    337    0    2    0       29319          0         86         87  POST /api/playlist/add HTTP/1.1
 6811  577.714   0.0848   0.0632   0.008   0.070   0.151   0.193   0.340   0.656   6802    0    9    0    72390619          0      10628      20519  POST /api/playlist/{id}/favorite
 1142   72.037   0.0631   0.0621   0.014   0.048   0.117   0.151   0.269   0.869   1141    0    1    0    45379863          0      39737      39800  GET /api/popular_playlists HTTP/1.1
  553   35.088   0.0635   0.0599   0.007   0.045   0.132   0.167   0.348   0.471    524    0   29    0       21508          0         38         84  POST /api/login HTTP/1.1
 1262   66.346   0.0526   0.0491   0.013   0.040   0.089   0.119   0.220   0.717   1259    0    3    0    50180833          0      39762      40033  GET /api/recent_playlists HTTP/1.1
17158  686.577   0.0400   0.0372   0.001   0.031   0.069   0.096   0.194   0.730  17135    0   23    0   182095635          0      10612      20582  GET /api/playlist/{id}
    2    0.285   0.1425   0.0005   0.142   0.143   0.143   0.143   0.143   0.143      2    0    0    0          76         38         38         38  POST /api/signup HTTP/1.1
    1   19.455  19.4550   0.0000  19.455  19.455  19.455  19.455  19.455  19.455      1    0    0    0          38         38         38         38  POST /initialize HTTP/1.1
    1    0.021   0.0210   0.0000   0.021   0.021   0.021   0.021   0.021   0.021      1    0    0    0          10         10         10         10  GET /api/bench/stop HTTP/1.1
    1    0.012   0.0120   0.0000   0.012   0.012   0.012   0.012   0.012   0.012      1    0    0    0          38         38         38         38  POST /api/playlist/{id}/delete
    2    0.012   0.0060   0.0000   0.006   0.006   0.006   0.006   0.006   0.006      2    0    0    0         381        190        190        191  POST /api/admin/user/ban HTTP/1.1
    1    0.005   0.0050   0.0000   0.005   0.005   0.005   0.005   0.005   0.005      1    0    0    0          38         38         38         38  POST /api/logout HTTP/1.1
    1    0.001   0.0010   0.0000   0.001   0.001   0.001   0.001   0.001   0.001      1    0    0    0          11         11         11         11  GET /api/bench/start HTTP/1.1
    1    0.000   0.0000   0.0000   0.000   0.000   0.000   0.000   0.000   0.000      1    0    0    0        1165       1165       1165       1165  GET / HTTP/1.1

Top 20 Sort By Maximum(100 Percentile)
Count    Total     Mean   Stddev     Min   P50.0   P90.0   P95.0   P99.0     Max    2xx  3xx  4xx  5xx  TotalBytes   MinBytes  MeanBytes   MaxBytes  Request
    1   19.455  19.4550   0.0000  19.455  19.455  19.455  19.455  19.455  19.455      1    0    0    0          38         38         38         38  POST /initialize HTTP/1.1
 1002  495.693   0.4947   0.3600   0.005   0.410   1.037   1.158   1.372   2.003    985    0   17    0     4050705          0       4042      49832  GET /api/playlists HTTP/1.1
 1142   72.037   0.0631   0.0621   0.014   0.048   0.117   0.151   0.269   0.869   1141    0    1    0    45379863          0      39737      39800  GET /api/popular_playlists HTTP/1.1
  333   33.661   0.1011   0.0760   0.011   0.085   0.185   0.221   0.330   0.791    316    0    0   17     3185031         75       9564      20511  POST /api/playlist/{id}/update
17158  686.577   0.0400   0.0372   0.001   0.031   0.069   0.096   0.194   0.730  17135    0   23    0   182095635          0      10612      20582  GET /api/playlist/{id}
 1262   66.346   0.0526   0.0491   0.013   0.040   0.089   0.119   0.220   0.717   1259    0    3    0    50180833          0      39762      40033  GET /api/recent_playlists HTTP/1.1
 6811  577.714   0.0848   0.0632   0.008   0.070   0.151   0.193   0.340   0.656   6802    0    9    0    72390619          0      10628      20519  POST /api/playlist/{id}/favorite
  339   20.248   0.0597   0.0689   0.005   0.042   0.132   0.179   0.340   0.487    337    0    2    0       29319          0         86         87  POST /api/playlist/add HTTP/1.1
  553   35.088   0.0635   0.0599   0.007   0.045   0.132   0.167   0.348   0.471    524    0   29    0       21508          0         38         84  POST /api/login HTTP/1.1
    2    0.285   0.1425   0.0005   0.142   0.143   0.143   0.143   0.143   0.143      2    0    0    0          76         38         38         38  POST /api/signup HTTP/1.1
    1    0.021   0.0210   0.0000   0.021   0.021   0.021   0.021   0.021   0.021      1    0    0    0          10         10         10         10  GET /api/bench/stop HTTP/1.1
    1    0.012   0.0120   0.0000   0.012   0.012   0.012   0.012   0.012   0.012      1    0    0    0          38         38         38         38  POST /api/playlist/{id}/delete
    2    0.012   0.0060   0.0000   0.006   0.006   0.006   0.006   0.006   0.006      2    0    0    0         381        190        190        191  POST /api/admin/user/ban HTTP/1.1
    1    0.005   0.0050   0.0000   0.005   0.005   0.005   0.005   0.005   0.005      1    0    0    0          38         38         38         38  POST /api/logout HTTP/1.1
    1    0.001   0.0010   0.0000   0.001   0.001   0.001   0.001   0.001   0.001      1    0    0    0          11         11         11         11  GET /api/bench/start HTTP/1.1
    1    0.000   0.0000   0.0000   0.000   0.000   0.000   0.000   0.000   0.000      1    0    0    0        1165       1165       1165       1165  GET / HTTP/1.1

TOP 37 Slow Requests
 1  19.455  POST /initialize HTTP/1.1
 2   2.003  GET /api/playlists HTTP/1.1
 3   1.791  GET /api/playlists HTTP/1.1
 4   1.710  GET /api/playlists HTTP/1.1
 5   1.592  GET /api/playlists HTTP/1.1
 6   1.526  GET /api/playlists HTTP/1.1
 7   1.436  GET /api/playlists HTTP/1.1
 8   1.422  GET /api/playlists HTTP/1.1
 9   1.400  GET /api/playlists HTTP/1.1
10   1.387  GET /api/playlists HTTP/1.1
11   1.373  GET /api/playlists HTTP/1.1
12   1.372  GET /api/playlists HTTP/1.1
13   1.344  GET /api/playlists HTTP/1.1
14   1.343  GET /api/playlists HTTP/1.1
15   1.315  GET /api/playlists HTTP/1.1
16   1.312  GET /api/playlists HTTP/1.1
17   1.297  GET /api/playlists HTTP/1.1
18   1.291  GET /api/playlists HTTP/1.1
19   1.290  GET /api/playlists HTTP/1.1
20   1.276  GET /api/playlists HTTP/1.1
21   1.270  GET /api/playlists HTTP/1.1
22   1.270  GET /api/playlists HTTP/1.1
23   1.268  GET /api/playlists HTTP/1.1
24   1.266  GET /api/playlists HTTP/1.1
25   1.263  GET /api/playlists HTTP/1.1
26   1.262  GET /api/playlists HTTP/1.1
27   1.256  GET /api/playlists HTTP/1.1
28   1.250  GET /api/playlists HTTP/1.1
29   1.245  GET /api/playlists HTTP/1.1
30   1.242  GET /api/playlists HTTP/1.1
31   1.231  GET /api/playlists HTTP/1.1
32   1.230  GET /api/playlists HTTP/1.1
33   1.229  GET /api/playlists HTTP/1.1
34   1.228  GET /api/playlists HTTP/1.1
35   1.227  GET /api/playlists HTTP/1.1
36   1.222  GET /api/playlists HTTP/1.1
37   1.211  GET /api/playlists HTTP/1.1
